Frequency (Hz)	Level (dB)
43.066406	-28.343626
86.132812	-21.762417
129.199219	-19.517859
172.265625	-16.988111
215.332031	-13.887297
258.398438	-12.759430
301.464844	-15.264105
344.531250	-16.429451
387.597656	-18.088644
430.664062	-19.242287
473.730469	-17.927465
516.796875	-17.606169
559.863281	-18.343145
602.929688	-20.961447
645.996094	-21.741755
689.062500	-20.838793
732.128906	-21.632919
775.195312	-23.351984
818.261719	-22.205940
861.328125	-22.681570
904.394531	-22.056232
947.460938	-21.452238
990.527344	-24.743425
1033.593750	-24.738924
1076.660156	-23.444412
1119.726562	-26.042822
1162.792969	-26.177588
1205.859375	-25.205740
1248.925781	-22.857553
1291.992188	-22.298777
1335.058594	-25.674667
1378.125000	-24.189920
1421.191406	-20.806889
1464.257812	-22.957163
1507.324219	-28.251797
1550.390625	-27.190107
1593.457031	-26.178211
1636.523438	-27.584505
1679.589844	-28.434847
1722.656250	-29.232489
1765.722656	-26.194498
1808.789062	-28.458626
1851.855469	-28.919626
1894.921875	-24.752239
1937.988281	-25.756266
1981.054688	-30.510647
2024.121094	-32.712887
2067.187500	-30.445723
2110.253906	-26.101383
2153.320312	-24.925644
2196.386719	-28.259117
2239.453125	-30.246672
2282.519531	-31.661394
2325.585938	-32.007965
2368.652344	-30.588646
2411.718750	-32.185051
2454.785156	-30.676880
2497.851562	-27.800714
2540.917969	-27.145321
2583.984375	-27.839067
2627.050781	-29.640797
2670.117188	-31.623207
2713.183594	-33.111099
2756.250000	-32.518341
2799.316406	-29.596865
2842.382812	-28.498457
2885.449219	-29.897745
2928.515625	-31.736279
2971.582031	-32.720062
3014.648438	-34.499512
3057.714844	-35.245407
3100.781250	-34.916416
3143.847656	-33.224380
3186.914062	-32.118595
3229.980469	-33.314377
3273.046875	-33.969841
3316.113281	-33.392494
3359.179688	-33.233166
3402.246094	-34.163960
3445.312500	-35.601673
3488.378906	-35.215149
3531.445312	-33.480488
3574.511719	-33.097740
3617.578125	-34.518002
3660.644531	-34.873219
3703.710938	-34.689289
3746.777344	-33.876251
3789.843750	-33.491993
3832.910156	-34.237801
3875.976562	-35.020348
3919.042969	-35.391682
3962.109375	-36.334381
4005.175781	-37.673519
4048.242188	-38.503170
4091.308594	-38.992737
4134.375000	-38.358067
4177.441406	-36.968922
4220.507812	-35.290924
4263.574219	-34.435867
4306.640625	-35.066502
4349.707031	-36.209114
4392.773438	-37.446930
4435.839844	-37.557514
4478.906250	-37.681530
4521.972656	-38.862717
4565.039062	-39.461464
4608.105469	-39.808041
4651.171875	-38.921272
4694.238281	-37.882603
4737.304688	-37.358067
4780.371094	-38.652039
4823.437500	-40.768475
4866.503906	-40.865601
4909.570312	-40.102314
4952.636719	-40.119259
4995.703125	-39.989567
5038.769531	-40.309887
5081.835938	-41.175186
5124.902344	-41.393669
5167.968750	-41.482239
5211.035156	-41.476334
5254.101562	-40.971802
5297.167969	-40.378510
5340.234375	-40.655613
5383.300781	-41.566677
5426.367188	-42.205624
5469.433594	-42.599892
5512.500000	-42.616016
5555.566406	-42.329876
5598.632812	-42.388256
5641.699219	-42.204903
5684.765625	-42.369106
5727.832031	-43.072563
5770.898438	-43.628750
5813.964844	-43.883564
5857.031250	-44.053253
5900.097656	-43.674271
5943.164062	-43.174004
5986.230469	-43.916534
6029.296875	-44.649086
6072.363281	-44.809650
6115.429688	-44.891926
6158.496094	-44.898460
6201.562500	-45.087883
6244.628906	-45.177563
6287.695312	-44.881672
6330.761719	-44.799603
6373.828125	-44.923454
6416.894531	-44.989002
6459.960938	-45.718468
6503.027344	-46.052021
6546.093750	-46.067455
6589.160156	-46.257961
6632.226562	-46.077713
6675.292969	-46.660965
6718.359375	-47.563965
6761.425781	-48.133930
6804.492188	-48.503895
6847.558594	-48.704895
6890.625000	-49.180099
6933.691406	-49.774639
6976.757812	-49.979897
7019.824219	-49.807774
7062.890625	-49.349121
7105.957031	-48.699368
7149.023438	-48.805485
7192.089844	-49.986393
7235.156250	-50.548630
7278.222656	-50.793274
7321.289062	-51.013500
7364.355469	-50.975040
7407.421875	-51.062538
7450.488281	-51.259502
7493.554688	-51.260334
7536.621094	-50.790844
7579.687500	-50.325325
7622.753906	-50.821907
7665.820312	-51.680199
7708.886719	-52.184509
7751.953125	-52.732067
7795.019531	-52.913933
7838.085938	-53.373867
7881.152344	-53.909458
7924.218750	-54.236668
7967.285156	-54.246544
8010.351562	-53.934769
8053.417969	-53.864429
8096.484375	-54.342205
8139.550781	-54.955467
8182.617188	-55.221210
8225.683594	-55.348995
8268.750000	-54.978367
8311.816406	-54.751720
8354.882812	-55.140018
8397.949219	-54.718102
8441.015625	-55.094002
8484.082031	-55.115284
8527.148438	-55.137245
8570.214844	-54.986355
8613.281250	-55.102554
8656.347656	-55.511948
8699.414062	-56.174603
8742.480469	-56.252708
8785.546875	-55.719845
8828.613281	-55.769539
8871.679688	-56.595112
8914.746094	-56.599789
8957.812500	-56.571800
9000.878906	-55.648022
9043.945312	-56.613293
9087.011719	-56.946354
9130.078125	-57.481857
9173.144531	-58.144646
9216.210938	-58.268181
9259.277344	-58.278221
9302.343750	-58.800678
9345.410156	-58.322079
9388.476562	-57.222431
9431.542969	-57.326889
9474.609375	-57.650723
9517.675781	-58.044632
9560.742188	-57.927158
9603.808594	-57.278202
9646.875000	-57.986500
9689.941406	-58.418026
9733.007812	-58.755310
9776.074219	-58.794918
9819.140625	-59.028389
9862.207031	-59.444954
9905.273438	-59.583683
9948.339844	-59.360909
9991.406250	-58.429005
10034.472656	-58.806477
10077.539062	-59.702820
10120.605469	-59.788067
10163.671875	-59.251507
10206.738281	-59.337070
10249.804688	-59.975384
10292.871094	-60.180176
10335.937500	-60.375408
10379.003906	-60.258659
10422.070312	-59.949959
10465.136719	-60.417130
10508.203125	-60.590816
10551.269531	-59.920914
10594.335938	-59.014587
10637.402344	-59.564003
10680.468750	-60.011330
10723.535156	-59.557533
10766.601562	-57.824276
10809.667969	-57.285225
10852.734375	-60.056854
10895.800781	-61.216042
10938.867188	-61.269146
10981.933594	-60.750431
11025.000000	-59.976528
11068.066406	-60.224361
11111.132812	-59.851387
11154.199219	-59.361607
11197.265625	-59.572788
11240.332031	-60.053493
11283.398438	-59.160427
11326.464844	-59.325882
11369.531250	-59.489441
11412.597656	-60.082481
11455.664062	-60.634563
11498.730469	-60.221485
11541.796875	-60.502354
11584.863281	-60.939194
11627.929688	-60.805359
11670.996094	-59.256947
11714.062500	-58.786953
11757.128906	-59.163895
11800.195312	-59.404858
11843.261719	-59.634300
11886.328125	-59.672371
11929.394531	-60.379219
11972.460938	-61.106678
12015.527344	-60.733368
12058.593750	-60.684124
12101.660156	-60.476044
12144.726562	-61.449169
12187.792969	-59.150047
12230.859375	-60.049736
12273.925781	-61.831299
12316.992188	-62.232815
12360.058594	-63.118328
12403.125000	-62.905132
12446.191406	-61.879070
12489.257812	-62.524029
12532.324219	-62.787266
12575.390625	-62.898270
12618.457031	-63.312984
12661.523438	-63.244564
12704.589844	-62.000103
12747.656250	-62.525185
12790.722656	-62.008018
12833.789062	-62.594086
12876.855469	-62.997219
12919.921875	-63.469009
12962.988281	-63.542637
13006.054688	-63.172558
13049.121094	-64.286713
13092.187500	-64.586838
13135.253906	-64.748116
13178.320312	-64.254349
13221.386719	-63.846596
13264.453125	-64.268097
13307.519531	-64.410637
13350.585938	-64.633789
13393.652344	-63.918274
13436.718750	-63.695118
13479.785156	-64.608826
13522.851562	-64.399818
13565.917969	-64.630600
13608.984375	-64.691643
13652.050781	-63.733673
13695.117188	-62.977436
13738.183594	-63.801010
13781.250000	-64.180489
13824.316406	-63.191116
13867.382812	-61.762089
13910.449219	-61.969482
13953.515625	-62.850857
13996.582031	-62.471947
14039.648438	-64.699615
14082.714844	-66.190750
14125.781250	-65.847336
14168.847656	-64.435425
14211.914062	-63.782570
14254.980469	-63.997379
14298.046875	-64.124634
14341.113281	-65.314583
14384.179688	-64.323761
14427.246094	-64.329918
14470.312500	-64.621109
14513.378906	-63.965126
14556.445312	-64.137489
14599.511719	-65.688255
14642.578125	-65.080673
14685.644531	-65.345734
14728.710938	-66.207832
14771.777344	-66.603920
14814.843750	-65.853874
14857.910156	-64.287437
14900.976562	-64.280327
14944.042969	-65.376129
14987.109375	-63.591568
15030.175781	-64.568153
15073.242188	-66.592789
15116.308594	-68.251762
15159.375000	-69.162270
15202.441406	-67.462517
15245.507812	-66.296654
15288.574219	-66.025002
15331.640625	-65.671524
15374.707031	-65.259125
15417.773438	-65.683220
15460.839844	-66.101578
15503.906250	-64.884735
15546.972656	-65.547050
15590.039062	-64.931580
15633.105469	-64.681923
15676.171875	-64.469742
15719.238281	-65.945160
15762.304688	-68.127502
15805.371094	-68.388580
15848.437500	-68.047791
15891.503906	-68.165657
15934.570312	-68.625824
15977.636719	-68.408424
16020.703125	-68.900520
16063.769531	-69.312744
16106.835938	-68.104721
16149.902344	-67.397797
16192.968750	-66.166664
16236.035156	-66.682472
16279.101562	-67.138046
16322.167969	-67.875244
16365.234375	-69.417831
16408.300781	-70.143715
16451.367188	-70.470146
16494.433594	-69.764801
16537.500000	-70.577660
16580.566406	-71.480034
16623.632812	-71.293327
16666.699219	-70.591377
16709.765625	-70.434166
16752.832031	-71.496506
16795.898438	-72.677299
16838.964844	-74.066505
16882.031250	-73.535263
16925.097656	-71.675438
16968.164062	-69.994507
17011.230469	-69.853294
17054.296875	-69.711769
17097.363281	-69.547554
17140.429688	-71.992744
17183.496094	-73.311852
17226.562500	-73.352089
17269.628906	-74.150925
17312.695312	-74.434921
17355.761719	-73.819145
17398.828125	-72.354935
17441.894531	-71.796112
17484.960938	-72.358444
17528.027344	-73.757347
17571.093750	-72.793114
17614.160156	-72.046486
17657.226562	-73.348312
17700.292969	-73.966782
17743.359375	-75.348389
17786.425781	-74.511124
17829.492188	-75.177406
17872.558594	-74.711235
17915.625000	-75.609993
17958.691406	-74.294136
18001.757812	-72.133835
18044.824219	-72.352272
18087.890625	-71.420403
18130.957031	-71.191200
18174.023438	-73.315109
18217.089844	-76.813858
18260.156250	-77.349579
18303.222656	-76.924042
18346.289062	-75.231483
18389.355469	-75.186066
18432.421875	-76.278069
18475.488281	-76.165627
18518.554688	-77.469093
18561.621094	-77.688515
18604.687500	-76.480614
18647.753906	-75.184998
18690.820312	-73.126953
18733.886719	-73.200943
18776.953125	-73.330360
18820.019531	-73.803596
18863.085938	-75.497215
18906.152344	-77.159111
18949.218750	-77.639999
18992.285156	-75.919586
19035.351562	-74.109940
19078.417969	-73.698982
19121.484375	-74.352921
19164.550781	-74.756409
19207.617188	-74.126778
19250.683594	-75.129288
19293.750000	-76.281395
19336.816406	-76.966766
19379.882812	-76.575912
19422.949219	-76.177185
19466.015625	-75.987991
19509.082031	-75.823997
19552.148438	-77.763458
19595.214844	-80.289665
19638.281250	-82.767761
19681.347656	-82.046509
19724.414062	-80.876709
19767.480469	-84.792068
19810.546875	-92.518829
19853.613281	-94.565941
19896.679688	-100.198204
19939.746094	-104.545845
19982.812500	-106.630219
20025.878906	-107.144524
20068.945312	-107.611534
20112.011719	-108.761826
20155.078125	-112.817451
20198.144531	-114.730408
20241.210938	-114.488235
20284.277344	-115.276398
20327.343750	-117.213066
20370.410156	-116.635002
20413.476562	-117.048653
20456.542969	-117.758812
20499.609375	-117.244072
20542.675781	-116.553474
20585.742188	-117.169655
20628.808594	-118.546913
20671.875000	-119.105225
20714.941406	-119.403160
20758.007812	-119.382515
20801.074219	-119.090401
20844.140625	-118.738098
20887.207031	-118.581886
20930.273438	-118.860405
20973.339844	-119.107742
21016.406250	-119.338867
21059.472656	-119.249802
21102.539062	-118.779175
21145.605469	-118.704536
21188.671875	-119.033455
21231.738281	-119.414948
21274.804688	-119.476158
21317.871094	-119.423721
21360.937500	-119.375473
21404.003906	-119.430122
21447.070312	-119.575279
21490.136719	-119.355476
21533.203125	-119.288780
21576.269531	-119.163727
21619.335938	-119.075645
21662.402344	-119.351143
21705.468750	-119.357689
21748.535156	-119.447380
21791.601562	-119.083435
21834.667969	-119.034500
21877.734375	-118.319008
21920.800781	-118.438217
21963.867188	-119.183701
22006.933594	-118.913689
