Frequency (Hz)	Level (dB)
43.066406	-19.333529
86.132812	-13.427464
129.199219	-17.180235
172.265625	-20.536419
215.332031	-19.049316
258.398438	-20.308645
301.464844	-23.416885
344.531250	-24.983088
387.597656	-22.691378
430.664062	-20.912350
473.730469	-22.168064
516.796875	-21.669334
559.863281	-22.620640
602.929688	-22.741823
645.996094	-22.752916
689.062500	-23.642296
732.128906	-27.007444
775.195312	-25.138926
818.261719	-26.812668
861.328125	-26.501057
904.394531	-27.779072
947.460938	-30.649529
990.527344	-31.191422
1033.593750	-26.047127
1076.660156	-27.002607
1119.726562	-30.247717
1162.792969	-26.815088
1205.859375	-26.509199
1248.925781	-26.525400
1291.992188	-25.328547
1335.058594	-26.457863
1378.125000	-26.620605
1421.191406	-27.157440
1464.257812	-29.825626
1507.324219	-29.358492
1550.390625	-27.288317
1593.457031	-28.505394
1636.523438	-34.358913
1679.589844	-33.865887
1722.656250	-29.430126
1765.722656	-26.569471
1808.789062	-28.773335
1851.855469	-30.289993
1894.921875	-30.561546
1937.988281	-30.737823
1981.054688	-30.694016
2024.121094	-31.203981
2067.187500	-28.893929
2110.253906	-27.360146
2153.320312	-30.354025
2196.386719	-32.181332
2239.453125	-33.390766
2282.519531	-32.093220
2325.585938	-27.980036
2368.652344	-26.726187
2411.718750	-30.292797
2454.785156	-32.845917
2497.851562	-32.240292
2540.917969	-31.507357
2583.984375	-30.016081
2627.050781	-29.265274
2670.117188	-30.484077
2713.183594	-31.571947
2756.250000	-30.789804
2799.316406	-28.916834
2842.382812	-27.714161
2885.449219	-28.014908
2928.515625	-29.178379
2971.582031	-30.137638
3014.648438	-31.532383
3057.714844	-31.888548
3100.781250	-31.387430
3143.847656	-30.551218
3186.914062	-31.224571
3229.980469	-32.611767
3273.046875	-32.292599
3316.113281	-31.629595
3359.179688	-31.226450
3402.246094	-31.132635
3445.312500	-30.736399
3488.378906	-29.872917
3531.445312	-29.773987
3574.511719	-30.758207
3617.578125	-31.453096
3660.644531	-31.676298
3703.710938	-31.989723
3746.777344	-32.196022
3789.843750	-33.118649
3832.910156	-34.314949
3875.976562	-34.685215
3919.042969	-34.173298
3962.109375	-34.131660
4005.175781	-34.822964
4048.242188	-35.591286
4091.308594	-35.312286
4134.375000	-35.347866
4177.441406	-35.257259
4220.507812	-34.815979
4263.574219	-34.638535
4306.640625	-34.198929
4349.707031	-34.414974
4392.773438	-34.819458
4435.839844	-35.370823
4478.906250	-35.792725
4521.972656	-36.333004
4565.039062	-36.758858
4608.105469	-36.681652
4651.171875	-36.257965
4694.238281	-36.005424
4737.304688	-36.106945
4780.371094	-36.638138
4823.437500	-37.287777
4866.503906	-38.403965
4909.570312	-39.404686
4952.636719	-39.458794
4995.703125	-39.423985
5038.769531	-39.643497
5081.835938	-39.859329
5124.902344	-39.768723
5167.968750	-39.451149
5211.035156	-38.907780
5254.101562	-38.177513
5297.167969	-36.721962
5340.234375	-34.934174
5383.300781	-35.059460
5426.367188	-36.102474
5469.433594	-36.379856
5512.500000	-36.709881
5555.566406	-36.706421
5598.632812	-36.162861
5641.699219	-35.831455
5684.765625	-36.155579
5727.832031	-36.542007
5770.898438	-36.378174
5813.964844	-36.113567
5857.031250	-36.319599
5900.097656	-36.804150
5943.164062	-37.257431
5986.230469	-37.705898
6029.296875	-37.986988
6072.363281	-38.023094
6115.429688	-38.059216
6158.496094	-37.873283
6201.562500	-38.634167
6244.628906	-40.648319
6287.695312	-41.876141
6330.761719	-41.979244
6373.828125	-41.969818
6416.894531	-41.787941
6459.960938	-40.842770
6503.027344	-39.853966
6546.093750	-39.778912
6589.160156	-39.980408
6632.226562	-40.491230
6675.292969	-41.034874
6718.359375	-40.788788
6761.425781	-40.348030
6804.492188	-40.660637
6847.558594	-41.723667
6890.625000	-42.176880
6933.691406	-42.172676
6976.757812	-42.333679
7019.824219	-42.780945
7062.890625	-42.319561
7105.957031	-41.597820
7149.023438	-42.967052
7192.089844	-43.888184
7235.156250	-43.674213
7278.222656	-43.308701
7321.289062	-43.247673
7364.355469	-43.099380
7407.421875	-43.229488
7450.488281	-43.581879
7493.554688	-44.165840
7536.621094	-44.795017
7579.687500	-44.985432
7622.753906	-44.888969
7665.820312	-45.002678
7708.886719	-45.066223
7751.953125	-44.848171
7795.019531	-44.843998
7838.085938	-44.757355
7881.152344	-44.521172
7924.218750	-44.287868
7967.285156	-44.289230
8010.351562	-44.368607
8053.417969	-44.770710
8096.484375	-44.990986
8139.550781	-44.967751
8182.617188	-45.109058
8225.683594	-45.307873
8268.750000	-45.565948
8311.816406	-46.229023
8354.882812	-46.765263
8397.949219	-47.306488
8441.015625	-47.688118
8484.082031	-47.595161
8527.148438	-47.987801
8570.214844	-48.865459
8613.281250	-49.316002
8656.347656	-49.600227
8699.414062	-50.010380
8742.480469	-49.650997
8785.546875	-49.516636
8828.613281	-49.026596
8871.679688	-48.546009
8914.746094	-49.079998
8957.812500	-49.535698
9000.878906	-48.975319
9043.945312	-48.552811
9087.011719	-48.505840
9130.078125	-49.057068
9173.144531	-50.030518
9216.210938	-50.635422
9259.277344	-50.063625
9302.343750	-49.628460
9345.410156	-49.912395
9388.476562	-49.982605
9431.542969	-50.194695
9474.609375	-50.646275
9517.675781	-50.317310
9560.742188	-50.406166
9603.808594	-50.265385
9646.875000	-50.120937
9689.941406	-50.148998
9733.007812	-50.386707
9776.074219	-50.729813
9819.140625	-51.092590
9862.207031	-50.878864
9905.273438	-51.074097
9948.339844	-51.669819
9991.406250	-50.706223
10034.472656	-51.240868
10077.539062	-51.879742
10120.605469	-51.819218
10163.671875	-51.163891
10206.738281	-50.352921
10249.804688	-51.065876
10292.871094	-51.100742
10335.937500	-51.530998
10379.003906	-51.385441
10422.070312	-51.163837
10465.136719	-51.536209
10508.203125	-51.803886
10551.269531	-51.692226
10594.335938	-51.073700
10637.402344	-51.209824
10680.468750	-51.879314
10723.535156	-51.737282
10766.601562	-51.386250
10809.667969	-51.477703
10852.734375	-50.782902
10895.800781	-49.948563
10938.867188	-50.179535
10981.933594	-50.749271
11025.000000	-50.883602
11068.066406	-51.094273
11111.132812	-51.617165
11154.199219	-52.227165
11197.265625	-51.996361
11240.332031	-52.267365
11283.398438	-52.860157
11326.464844	-53.491119
11369.531250	-53.562878
11412.597656	-53.515354
11455.664062	-53.616665
11498.730469	-53.224178
11541.796875	-52.913666
11584.863281	-52.950943
11627.929688	-53.773319
11670.996094	-54.380329
11714.062500	-54.352982
11757.128906	-54.051563
11800.195312	-54.433113
11843.261719	-54.549492
11886.328125	-54.646240
11929.394531	-55.192429
11972.460938	-55.729794
12015.527344	-56.196163
12058.593750	-56.681797
12101.660156	-56.714512
12144.726562	-56.144432
12187.792969	-55.735703
12230.859375	-55.966896
12273.925781	-56.589375
12316.992188	-57.286209
12360.058594	-56.563377
12403.125000	-55.154831
12446.191406	-54.821819
12489.257812	-55.296799
12532.324219	-56.337234
12575.390625	-56.338791
12618.457031	-56.363052
12661.523438	-57.021519
12704.589844	-56.895996
12747.656250	-56.225021
12790.722656	-56.522022
12833.789062	-57.466778
12876.855469	-57.875061
12919.921875	-57.269054
12962.988281	-56.108181
13006.054688	-55.737972
13049.121094	-56.253834
13092.187500	-56.945541
13135.253906	-57.185001
13178.320312	-57.047043
13221.386719	-56.370220
13264.453125	-56.673447
13307.519531	-56.286926
13350.585938	-54.627571
13393.652344	-55.927467
13436.718750	-57.341526
13479.785156	-57.463737
13522.851562	-58.023186
13565.917969	-58.444450
13608.984375	-58.731445
13652.050781	-58.184078
13695.117188	-57.015480
13738.183594	-57.183140
13781.250000	-57.043457
13824.316406	-57.634724
13867.382812	-58.288521
13910.449219	-57.393852
13953.515625	-57.624554
13996.582031	-58.093258
14039.648438	-58.595634
14082.714844	-58.633350
14125.781250	-58.609917
14168.847656	-58.984791
14211.914062	-58.770084
14254.980469	-58.286358
14298.046875	-59.074791
14341.113281	-59.063061
14384.179688	-58.646496
14427.246094	-58.824875
14470.312500	-58.745731
14513.378906	-59.144035
14556.445312	-60.262581
14599.511719	-60.924412
14642.578125	-60.678516
14685.644531	-60.411057
14728.710938	-60.044071
14771.777344	-59.283615
14814.843750	-59.533749
14857.910156	-59.657421
14900.976562	-59.847752
14944.042969	-60.241058
14987.109375	-59.381168
15030.175781	-59.633442
15073.242188	-60.538029
15116.308594	-60.302078
15159.375000	-59.716110
15202.441406	-60.329792
15245.507812	-61.067486
15288.574219	-61.074551
15331.640625	-60.952435
15374.707031	-61.394478
15417.773438	-61.096859
15460.839844	-61.151661
15503.906250	-60.795441
15546.972656	-60.029686
15590.039062	-59.383171
15633.105469	-59.693169
15676.171875	-60.652473
15719.238281	-61.080589
15762.304688	-61.272850
15805.371094	-61.163479
15848.437500	-61.264893
15891.503906	-61.035324
15934.570312	-61.231693
15977.636719	-62.159786
16020.703125	-63.344646
16063.769531	-63.722099
16106.835938	-63.347778
16149.902344	-62.984344
16192.968750	-62.791058
16236.035156	-62.696857
16279.101562	-62.710529
16322.167969	-63.114201
16365.234375	-63.083138
16408.300781	-63.365372
16451.367188	-64.387184
16494.433594	-64.985916
16537.500000	-64.112480
16580.566406	-64.483780
16623.632812	-64.816467
16666.699219	-64.720161
16709.765625	-63.984570
16752.832031	-63.529385
16795.898438	-64.473030
16838.964844	-64.895905
16882.031250	-65.345757
16925.097656	-66.136497
16968.164062	-65.645836
17011.230469	-65.477470
17054.296875	-66.267700
17097.363281	-66.872467
17140.429688	-66.863892
17183.496094	-66.670654
17226.562500	-67.095276
17269.628906	-67.928612
17312.695312	-68.564018
17355.761719	-68.382820
17398.828125	-68.011688
17441.894531	-69.155251
17484.960938	-68.801079
17528.027344	-67.721291
17571.093750	-67.436333
17614.160156	-66.948151
17657.226562	-67.063629
17700.292969	-67.525688
17743.359375	-66.982521
17786.425781	-67.418983
17829.492188	-68.591988
17872.558594	-68.865913
17915.625000	-68.191696
17958.691406	-67.952522
18001.757812	-67.841408
18044.824219	-68.174637
18087.890625	-68.691612
18130.957031	-69.418289
18174.023438	-69.834084
18217.089844	-69.944153
18260.156250	-70.356392
18303.222656	-70.385818
18346.289062	-69.148033
18389.355469	-69.389717
18432.421875	-70.107094
18475.488281	-70.731247
18518.554688	-70.936447
18561.621094	-71.045631
18604.687500	-71.517303
18647.753906	-72.022423
18690.820312	-71.564095
18733.886719	-71.649948
18776.953125	-71.878609
18820.019531	-72.246231
18863.085938	-72.043007
18906.152344	-71.061516
18949.218750	-71.369118
18992.285156	-72.238373
19035.351562	-72.476288
19078.417969	-72.226700
19121.484375	-72.450813
19164.550781	-73.200500
19207.617188	-72.705704
19250.683594	-72.278587
19293.750000	-71.613739
19336.816406	-72.394958
19379.882812	-72.064484
19422.949219	-71.876801
19466.015625	-72.165756
19509.082031	-72.364212
19552.148438	-73.343613
19595.214844	-72.483200
19638.281250	-71.643135
19681.347656	-71.558968
19724.414062	-71.698776
19767.480469	-72.247467
19810.546875	-72.384026
19853.613281	-72.895050
19896.679688	-72.558212
19939.746094	-71.853958
19982.812500	-71.724289
20025.878906	-71.554077
20068.945312	-70.854454
20112.011719	-71.168327
20155.078125	-73.038124
20198.144531	-73.767281
20241.210938	-73.512794
20284.277344	-74.101944
20327.343750	-76.266861
20370.410156	-76.873512
20413.476562	-76.281395
20456.542969	-75.422508
20499.609375	-75.681831
20542.675781	-77.769569
20585.742188	-78.743713
20628.808594	-78.871490
20671.875000	-79.749115
20714.941406	-78.943420
20758.007812	-79.007599
20801.074219	-78.455162
20844.140625	-78.356125
20887.207031	-77.641266
20930.273438	-78.544266
20973.339844	-80.123192
21016.406250	-81.223488
21059.472656	-82.915337
21102.539062	-83.204247
21145.605469	-83.208641
21188.671875	-83.604393
21231.738281	-85.331665
21274.804688	-85.749794
21317.871094	-85.688972
21360.937500	-86.576691
21404.003906	-87.845596
21447.070312	-87.707527
21490.136719	-84.690689
21533.203125	-85.962875
21576.269531	-87.634750
21619.335938	-88.779602
21662.402344	-89.436813
21705.468750	-88.441223
21748.535156	-88.899559
21791.601562	-89.244530
21834.667969	-90.844757
21877.734375	-90.985443
21920.800781	-91.489159
21963.867188	-92.193283
22006.933594	-92.347954
